1 0 
1 296 
1 216 
1 180 
1 85 
1 249 
1 7 
1 75 
1 294 
1 148 
1 133 
1 127 
1 203 
1 136 
1 259 
1 260 
1 95 
1 227 
1 290 
1 218 
1 273 
1 15 
1 60 
1 156 
1 129 
1 79 
1 21 
1 224 
1 281 
1 39 
1 213 
1 174 
1 214 
1 146 
1 241 
1 244 
1 282 
1 217 
1 204 
1 121 
1 82 
1 157 
1 50 
1 68 
1 3 
1 209 
1 27 
1 111 
1 207 
1 61 
1 170 
1 163 
1 177 
1 271 
1 160 
1 89 
1 237 
1 73 
1 140 
1 6 
1 93 
1 48 
1 283 
1 101 
1 201 
1 5 
1 10 
1 248 
1 98 
1 205 
1 266 
1 112 
1 196 
1 78 
1 265 
1 55 
1 182 
1 242 
1 192 
1 223 
1 106 
1 152 
1 59 
1 12 
1 228 
1 176 
1 155 
1 71 
1 215 
1 30 
1 154 
1 206 
1 256 
1 233 
1 272 
1 189 
1 278 
1 94 
1 208 
1 173 
