16 6689 1066 7475 677 5497 5335 8175 7463 4377 4008 2920 8310 7965 2432 88 6002 
2 519 4525 
2 7499 2519 
5 606 2571 4094 672 187 
3 3817 2465 6783 
1 4742 
1 423 
3 6466 463 3156 
1 4839 
2 2735 9393 
4 5018 7429 5440 5970 
1 5860 
2 4601 5299 
1 9888 
2 3090 84 
4 6916 1305 3869 2356 
2 5324 7928 
1 4618 
2 9409 3629 
1 6663 
3 2720 2135 1543 
2 6277 9707 
1 769 
5 4855 1335 4309 2949 4090 
1 5235 
2 8708 9752 
1 1209 
1 9514 
1 1097 
1 273 
2 9679 9976 
1 9003 
3 3444 3253 1315 
1 4059 
2 6815 1757 
1 7861 
1 5769 
1 8477 
1 5086 
1 8518 
1 5445 
1 7070 
1 6263 
1 5934 
1 9305 
1 3607 
1 9313 
1 3549 
1 6695 
1 4758 
1 1867 
1 6822 
1 5300 
1 1273 
1 2316 
1 2883 
1 4307 
1 9799 
1 3307 
1 7040 
1 6670 
1 8703 
1 5192 
1 9847 
1 7401 
1 5424 
1 6115 
1 2917 
1 117 
1 222 
1 4071 
1 8292 
1 6807 
1 7957 
1 8731 
1 9619 
1 3855 
1 1138 
1 303 
1 9325 
1 2559 
1 713 
1 4894 
1 372 
1 700 
1 6831 
1 3167 
1 961 
1 2061 
1 7657 
1 6706 
1 6381 
1 3055 
2 1560 8640 
1 24 
1 920 
1 4143 
1 3555 
1 541 
2 6901 1515 
2 4078 6412 
1 9675 
2 3442 7956 
1 55 
1 2576 
1 8329 
1 4346 
1 3580 
1 2247 
1 549 
1 6198 
1 5885 
1 9523 
1 3988 
1 9140 
1 4637 
1 1005 
1 375 
1 157 
1 2869 
1 5716 
1 3103 
1 8962 
1 3371 
1 7929 
1 1992 
1 9283 
1 1776 
1 3149 
1 4058 
1 1664 
1 29 
1 2020 
1 5868 
1 6961 
1 1833 
1 9563 
1 1888 
1 1353 
1 4150 
1 7399 
1 4842 
1 2912 
1 5693 
1 8406 
1 5341 
1 7141 
1 474 
1 2695 
1 1528 
1 9084 
1 9216 
1 4379 
1 2986 
1 585 
1 6228 
1 5406 
1 583 
1 8559 
1 4435 
1 5717 
1 3281 
1 7952 
1 4494 
1 5304 
1 297 
1 741 
1 7640 
1 5598 
1 445 
1 3564 
1 6952 
1 9207 
1 568 
1 3025 
1 734 
1 8395 
1 4495 
1 622 
1 1040 
1 7561 
1 3471 
1 2008 
1 2941 
1 957 
1 3239 
1 3743 
1 9979 
1 5381 
1 4882 
1 8675 
1 7877 
1 1735 
1 61 
1 8840 
1 8950 
1 6649 
1 6541 
1 3457 
1 1978 
1 8420 
1 6724 
1 9581 
1 8728 
1 9411 
1 4214 
1 9020 
1 5902 
1 7119 
1 2429 
1 6456 
1 489 
1 268 
1 9626 
1 8342 
1 2278 
1 580 
2 610 6433 
1 8179 
1 1993 
1 3692 
1 7799 
1 6361 
1 5161 
1 219 
1 4687 
1 3030 
1 9187 
1 9291 
1 2313 
1 554 
1 4788 
2 3693 768 
1 8204 
1 6424 
1 4098 
1 9698 
1 4066 
1 1866 
1 1815 
1 6780 
1 6900 
1 6160 
1 7318 
1 7911 
1 9901 
1 8698 
1 4056 
1 5881 
1 8520 
1 5027 
1 2327 
1 8102 
1 7229 
1 113 
1 9670 
1 3667 
1 6767 
1 3410 
1 2531 
1 6633 
1 394 
1 7188 
2 8271 7512 
1 5402 
1 2774 
1 1724 
1 8213 
1 7849 
1 4586 
1 6418 
1 6843 
1 3168 
1 2507 
1 8509 
1 2828 
1 8587 
1 9733 
1 1332 
1 6965 
1 1227 
1 6044 
1 6656 
1 6694 
1 3697 
1 19 
1 8564 
1 5222 
1 1794 
1 7293 
1 8630 
1 6269 
1 2603 
1 8787 
1 7140 
1 1883 
1 4536 
1 7709 
1 7064 
1 1879 
1 8783 
1 1447 
1 6189 
1 4873 
1 3546 
1 2424 
1 9820 
1 3008 
1 5227 
1 9166 
1 2296 
1 7455 
1 3049 
1 7810 
1 5971 
1 6139 
2 8878 7186 
1 6502 
1 7435 
1 6485 
1 3333 
1 8086 
1 8149 
2 9913 5343 
1 1407 
1 8932 
2 8758 6607 
1 2324 
1 8484 
2 1269 4948 
1 1838 
2 5245 7109 
1 9405 
1 6529 
1 5727 
1 6654 
1 1414 
1 658 
1 9046 
1 1637 
1 5218 
1 3249 
1 1170 
1 3245 
1 7088 
1 7687 
1 3276 
1 3918 
1 1784 
1 6662 
1 8489 
1 2738 
1 567 
1 8189 
1 696 
1 7864 
1 3294 
1 7612 
2 9449 1605 
1 4475 
1 6913 
1 7287 
1 6404 
1 739 
1 3236 
1 190 
1 477 
1 1438 
1 2015 
1 3527 
1 9406 
1 6794 
1 2233 
1 5213 
1 7711 
1 4877 
1 3197 
1 3005 
1 1384 
1 7156 
1 3579 
1 5808 
1 1609 
2 6031 6329 
1 8425 
1 8736 
1 1372 
1 2589 
1 8262 
1 8029 
1 5387 
1 3655 
1 4583 
1 8557 
1 6123 
1 109 
1 817 
1 4984 
1 7028 
1 3596 
