1 6599 
1 45 
2 8033 2603 
1 6428 
1 2822 
1 6440 
1 9475 
1 156 
2 4467 2635 
1 8103 
1 1959 
1 3039 
1 2446 
1 2734 
1 2921 
1 9670 
1 9738 
1 6261 
1 5260 
1 835 
1 5876 
1 6198 
1 2584 
1 2368 
1 2995 
1 7318 
1 1566 
1 2150 
1 2234 
1 6933 
1 8450 
1 3353 
1 2922 
1 3117 
1 9822 
1 9151 
1 187 
1 2870 
1 7833 
1 2717 
1 7136 
1 5266 
1 4172 
1 327 
1 4891 
1 6056 
1 2098 
1 8854 
1 1785 
1 7849 
1 6430 
1 2772 
1 7138 
1 3183 
1 5959 
1 1134 
1 3636 
1 9053 
1 2440 
1 5254 
1 1141 
1 5455 
1 2758 
1 2223 
1 7678 
1 493 
1 3448 
1 8598 
1 691 
1 3190 
1 6613 
1 6096 
1 3660 
1 9049 
1 7782 
1 6507 
1 1826 
1 2139 
1 5604 
1 3187 
1 5634 
1 4119 
1 389 
1 3060 
1 5919 
1 7674 
1 4611 
1 9106 
1 6570 
1 5482 
1 3155 
1 8995 
1 7080 
1 6812 
1 8172 
1 7320 
1 4960 
1 9180 
1 7851 
1 7245 
1 9581 
1 1769 
1 1999 
1 6975 
1 701 
1 2805 
1 9601 
1 5832 
1 3425 
1 7643 
1 7914 
1 1711 
1 3831 
1 8858 
1 8849 
1 3042 
1 4114 
1 526 
1 5588 
1 9714 
1 3363 
1 4804 
1 934 
1 8097 
1 1579 
1 4967 
1 175 
1 4904 
1 8057 
1 6392 
1 3491 
1 1587 
1 8220 
1 9435 
1 6423 
1 9488 
1 8424 
1 9141 
1 7662 
1 4852 
1 3516 
1 3766 
1 9861 
1 8980 
1 8544 
1 13 
1 1813 
1 9543 
1 3709 
1 207 
1 570 
1 3423 
1 4753 
1 8078 
1 8099 
1 6197 
1 2672 
1 2209 
1 4322 
1 3922 
1 4398 
1 4760 
1 9168 
1 2378 
1 6950 
1 660 
1 3873 
1 9888 
1 9890 
1 5014 
1 5057 
1 9696 
1 152 
1 9014 
1 2586 
1 7633 
1 3902 
1 7937 
1 8044 
1 78 
1 3592 
1 5465 
1 1109 
1 4071 
1 8786 
1 4182 
1 1048 
1 1574 
1 4473 
1 746 
1 4466 
1 7256 
1 5046 
1 5062 
1 2823 
1 7148 
1 1965 
1 3216 
1 5798 
1 1408 
1 6845 
1 4115 
1 5500 
1 1472 
1 666 
1 7901 
1 445 
1 4077 
1 8709 
1 138 
1 8346 
1 9988 
1 671 
1 3233 
1 3815 
1 3581 
1 9814 
1 654 
1 5030 
1 1386 
1 8453 
1 7760 
1 4764 
1 8372 
1 2993 
1 4189 
1 6891 
1 2414 
1 7229 
1 2652 
1 993 
1 2636 
1 5703 
1 9872 
1 6190 
1 2648 
1 42 
1 395 
1 1577 
1 7313 
1 2563 
1 3590 
1 9211 
1 9371 
1 8299 
1 558 
1 2146 
1 5777 
1 3832 
1 7132 
1 625 
1 4260 
1 8407 
1 2452 
1 4974 
1 3756 
1 7324 
1 5645 
1 4830 
1 9284 
1 1204 
1 8039 
1 7576 
1 9155 
1 1660 
1 7822 
1 1788 
1 6956 
1 4616 
1 6638 
1 9282 
1 8698 
1 7642 
1 2996 
1 6603 
1 9858 
1 2711 
1 4980 
1 2091 
1 9960 
1 1764 
1 1752 
1 6669 
1 8267 
1 3075 
1 1833 
1 6227 
1 2265 
1 3123 
1 9360 
1 2198 
1 1568 
1 7883 
1 8085 
1 1824 
1 7047 
1 5160 
1 8184 
1 9446 
1 8315 
1 4759 
1 482 
1 5233 
1 3611 
1 9594 
1 1942 
1 3209 
1 4049 
1 8404 
1 750 
1 1377 
1 7855 
1 5354 
1 5837 
1 2182 
1 8579 
1 3632 
1 3562 
1 2417 
1 3860 
1 3198 
1 957 
1 5524 
1 3968 
1 5370 
1 1753 
1 862 
1 6557 
1 8545 
1 4634 
1 7006 
1 4581 
1 9445 
1 2517 
1 3265 
1 9328 
1 90 
1 4574 
1 1831 
1 3827 
1 3179 
1 1599 
1 5262 
1 7794 
1 1925 
1 1938 
1 8246 
1 1512 
1 4671 
1 6668 
